4294967279,100
4294967279,99
4294967279,98
4294967279,97
4294967279,96
4294967279,95
4294967279,94
4294967279,93
4294967279,92
4294967279,91
4294967279,90
4294967279,89
4294967279,87
4294967279,126
4294967279,125
4294967279,124
4294967279,123
4294967279,122
4294967279,121
4294967279,120
4294967279,119
4294967279,118
4294967279,117
4294967279,116
4294967279,115
4294967279,114
4294967279,113
4294967279,112
4294967279,111
4294967279,110
4294967279,109
4294967279,108
4294967279,107
4294967279,106
4294967279,105
4294967279,104
4294967279,103
4294967279,102
4294967279,101
4294967279,426
4294967278,256
4294967279,425
4294967279,128
4294967278,255
4294967279,127
4294967279,258
4294967278,132
4294967278,129
4294967278,127
4294967278,260
4294967278,174
4294967278,104
4294967278,97
4294967278,91
4294967278,90
4294967278,89
4294967278,87
4294967278,67
4294967278,65
4294967278,64
4294967278,63
4294967278,62
4294967278,61
4294967278,60
4294967278,59
4294967278,46
4294967278,44
4294967278,42
4294967278,41
4294967278,40
4294967278,39
4294967278,37
4294967278,36
4294967278,35
4294967278,34
4294967278,33
4294967278,32
4294967278,31
4294967278,30
4294967278,277
4294967278,29
4294967278,276
4294967278,28
4294967278,27
4294967278,26
4294967278,137
4294967278,25
4294967278,24
4294967278,23
4294967278,22
4294967278,21
4294967278,20
4294967278,19
4294967278,18
4294967278,17
4294967278,16
4294967278,15
4294967278,14
4294967278,13
4294967278,12
4294967278,264
4294967278,11
4294967278,280
4294967278,10
4294967278,9
4294967278,8
4294967278,261
4294967278,7
4294967278,6
4294967278,5
4294967278,4
4294967279,132
4294967279,131
4294967279,130
4294967279,129
4294967279,137
4294967279,133
4294967279,27
4294967279,26
4294967279,25
4294967279,24
4294967279,23
4294967279,22
4294967279,21
4294967279,20
4294967279,19
4294967279,18
4294967279,17
4294967279,269
4294967279,12
4294967279,284
4294967279,8
4294967279,264
4294967279,6
4294967278,252
4294967294,1425
4294967278,242
4294967278,375
4294967278,120
3,6
3,0
3,5
4294967278,118
4294967278,241
4294967278,117
4294967278,239
4294967278,116
4294967278,237
4294967278,115
4294967278,235
4294967278,374
4294967278,228
4294967278,110
4294967278,225
4294967294,398
4294967294,115
4294967294,477
4294967278,109
4294967278,223
21,9
4294967294,22
4294967278,373
4294967278,107
4294967279,424
4294967278,372
4294967278,106
4294967279,423
4294967278,371
4294967278,105
32,5
32,4
4294967278,215
32,3
32,2
32,1
4294967294,391
4294967278,214
4294967278,94
31,8
4294967278,209
31,7
31,6
31,5
31,4
4294967278,207
31,3
31,2
31,1
4294967294,1428
4294967294,392
4294967278,206
4294967278,93
4294967278,205
4294967278,92
4294967294,443
4294967294,393
4294967294,433
4294967294,114
4294967294,120
4294967294,428
4294967294,1246
4294967294,423
4294967294,163
4294967278,203
30,8
4294967278,202
30,7
30,6
4294967278,201
30,5
30,4
4294967278,200
30,3
30,2
30,1
4294967278,370
4294967278,86
4294967278,199
4294967279,422
4294967278,369
4294967278,85
4294967278,198
4294967279,421
4294967278,368
4294967278,84
4294967278,197
4294967294,1217
4294967278,83
4294967278,196
4294967278,82
4294967278,195
4294967279,420
4294967278,367
4294967278,81
4294967278,194
11,8
4294967279,419
4294967278,366
4294967278,80
4294967278,193
4294967279,418
4294967278,365
4294967278,79
4294967278,192
4294967278,364
4294967278,78
4294967278,191
4294967278,77
4294967278,190
4294967278,76
4294967278,189
4294967278,75
4294967278,188
9,8
4294967278,74
4294967278,187
20,9
4294967278,363
4294967278,73
4294967278,186
4294967278,72
4294967278,185
4294967278,362
4294967278,71
4294967278,184
4294967278,361
4294967278,70
4294967278,183
4294967294,42
4294967294,9
4294967278,360
4294967278,69
4294967279,417
4294967278,68
4294967294,399
4294967294,51
4294967294,52
4294967278,66
4294967278,178
4294967278,177
4294967278,176
29,4
29,3
29,2
29,1
4294967279,416
4294967278,175
4294967294,76
4294967294,107
4294967294,82
4294967278,172
4294967278,171
4294967278,359
4294967278,58
4294967294,471
4294967294,83
4294967294,88
4294967294,87
4294967294,85
4294967278,170
4294967294,92
4294967294,91
4294967294,401
4294967278,358
4294967278,57
4294967278,169
4294967279,415
4294967278,357
4294967278,56
4294967278,168
4294967279,414
20,8
4294967278,55
4294967278,167
4294967279,413
4294967278,356
4294967278,54
4294967278,166
4294967279,412
4294967278,355
4294967278,53
4294967278,165
4294967278,354
4294967278,52
4294967278,164
4294967279,411
4294967279,410
4294967278,353
4294967278,51
4294967278,163
4294967279,409
4294967278,50
4294967278,162
4294967278,352
4294967278,49
4294967279,408
4294967278,351
4294967278,48
4294967294,1247
4294967278,47
4294967279,407
4294967294,89
4294967278,158
4294967278,157
4294967278,350
4294967278,45
4294967279,406
4294967278,156
4294967278,349
4294967278,43
4294967278,154
27,5
4294967278,153
27,4
27,3
27,2
27,1
4294967279,405
4294967278,152
4294967278,348
4294967278,38
4294967278,347
4294967278,346
4294967278,345
4294967279,404
4294967278,344
4294967279,403
4294967278,343
4294967279,402
4294967278,342
4294967278,341
4294967278,340
4294967278,339
4294967279,401
4294967279,276
4294967278,338
4294967294,431
4294967294,1087
